ESPcal header
12/23/2020 2:56:22 PM
Calibration of scanner#9749,0818,0916 on 4th feb,2011 in ls lab
End
Data
-1.000000	0.000000	0.000000	0.000000	0.000000	0.000000	0.000000	0.000000	0.000000	0.000000	0.000000	0.000000	0.000000	0.000000	0.000000	0.000000	0.000000	0.000000	0.000000	0.000000	0.000000	0.000000	0.000000	0.000000	0.000000	0.000000	0.000000	0.000000	0.000000	0.000000	0.000000	0.000000
0.019687	0.017215	0.022089	0.007921	0.015410	-0.004197	-0.026635	-0.019016	0.015968	0.019601	-0.024306	0.008338	0.016508	0.014009	0.011776	0.009224	0.018440	0.026367	-0.031607	0.000212	0.015442	0.013375	0.017044	0.025271	-0.024367	0.014998	0.011693	0.005820	0.017621	0.010470	0.008398	0.008485
-0.003498	-0.025200	-0.024546	-0.029919	0.003145	0.002925	-0.025436	-0.016670	-0.019217	0.009322	-0.024580	-0.009259	-0.000450	-0.038049	1.041953	-0.048203	0.023648	0.014538	-0.006982	0.022934	0.027881	0.006897	0.025046	0.000995	0.004144	0.013435	0.001325	0.016114	0.021771	0.010257	0.027000	0.012454
0.015659	0.006662	0.000461	0.009128	0.019537	-0.012744	0.004382	-0.008838	-0.008611	-0.013110	0.007685	-0.022615	-0.008029	-0.006986	0.003816	0.010025	0.000610	0.007428	0.009945	0.023376	0.021837	0.024229	0.019981	0.008361	0.006750	-0.033997	0.028473	-0.013480	-0.002597	-0.029361	0.024616	0.022889
End
Data
-303.000000	0.000000	0.000000	0.000000	0.000000	0.000000	0.000000	0.000000	0.000000	0.000000	0.000000	0.000000	0.000000	0.000000	0.000000	0.000000	0.000000	0.000000	0.000000	0.000000	0.000000	0.000000	0.000000	0.000000	0.000000	0.000000	0.000000	0.000000	0.000000	0.000000	0.000000	0.000000
-0.083044	-0.075516	-0.084704	-0.096285	-0.089428	-0.108076	-0.130970	-0.122257	-0.081336	-0.079089	-0.120310	-0.095565	-0.087345	-0.088519	-0.092074	-0.091513	-0.084568	-0.075101	-0.135308	-0.102226	-0.069606	-0.090189	-0.087672	-0.079041	-0.124162	-0.087354	-0.092246	-0.096063	-0.087843	-0.091161	-0.094540	-0.092407
-0.107224	-0.129119	-0.130079	-0.131979	-0.101514	-0.100772	-0.131762	-0.120510	-0.125024	-0.093912	-0.132042	-0.113236	-0.105474	-0.144653	1.041944	-0.152507	-0.078925	-0.087709	-0.112705	-0.078130	-0.072919	-0.098538	-0.078604	-0.099378	-0.099745	-0.090925	-0.103089	-0.087093	-0.081992	-0.092579	-0.076557	-0.093559
-0.092431	-0.100063	-0.104749	-0.098516	-0.086894	-0.119855	-0.104586	-0.117133	-0.115184	-0.117389	-0.099106	-0.130875	-0.115615	-0.115234	-0.103064	-0.096198	-0.107383	-0.098722	-0.097369	-0.080161	-0.084476	-0.078623	-0.086590	-0.096297	-0.099008	-0.142162	-0.075551	-0.118916	-0.108855	-0.137576	-0.079491	-0.085068
End
Data
-604.000000	0.000000	0.000000	0.000000	0.000000	0.000000	0.000000	0.000000	0.000000	0.000000	0.000000	0.000000	0.000000	0.000000	0.000000	0.000000	0.000000	0.000000	0.000000	0.000000	0.000000	0.000000	0.000000	0.000000	0.000000	0.000000	0.000000	0.000000	0.000000	0.000000	0.000000	0.000000
-0.185309	-0.167745	-0.191061	-0.199993	-0.193790	-0.211447	-0.234835	-0.224966	-0.178197	-0.177265	-0.215950	-0.198915	-0.190702	-0.190554	-0.195479	-0.191739	-0.187125	-0.175985	-0.238605	-0.204231	-0.154252	-0.193211	-0.191905	-0.182760	-0.223510	-0.189213	-0.195763	-0.197434	-0.192846	-0.192267	-0.197022	-0.192833
-0.210415	-0.232446	-0.235021	-0.233457	-0.205691	-0.203952	-0.237475	-0.223809	-0.230269	-0.196556	-0.238900	-0.216688	-0.210058	-0.250610	1.041938	-0.256217	-0.180968	-0.189405	-0.217936	-0.178721	-0.173223	-0.203467	-0.181661	-0.199247	-0.203185	-0.194708	-0.206996	-0.189795	-0.185180	-0.194900	-0.179547	-0.198971
-0.199944	-0.206235	-0.209430	-0.205466	-0.192785	-0.226453	-0.212993	-0.224910	-0.221237	-0.221201	-0.205321	-0.238432	-0.222705	-0.222956	-0.209417	-0.201789	-0.214726	-0.204234	-0.204076	-0.183058	-0.190226	-0.180905	-0.192713	-0.200301	-0.204248	-0.249743	-0.179036	-0.223824	-0.214455	-0.245232	-0.183011	-0.192428
End
Data
-901.000000	0.000000	0.000000	0.000000	0.000000	0.000000	0.000000	0.000000	0.000000	0.000000	0.000000	0.000000	0.000000	0.000000	0.000000	0.000000	0.000000	0.000000	0.000000	0.000000	0.000000	0.000000	0.000000	0.000000	0.000000	0.000000	0.000000	0.000000	0.000000	0.000000	0.000000	0.000000
-0.286134	-0.258715	-0.295876	-0.302244	-0.296660	-0.313348	-0.337295	-0.326223	-0.273710	-0.274015	-0.310154	-0.300819	-0.292632	-0.291115	-0.297349	-0.290519	-0.288225	-0.275484	-0.340451	-0.304763	-0.237751	-0.294782	-0.294673	-0.285102	-0.321467	-0.289589	-0.297801	-0.297382	-0.296380	-0.291945	-0.298039	-0.291804
-0.311930	-0.334206	-0.338374	-0.333338	-0.308134	-0.305482	-0.341478	-0.325474	-0.333819	-0.297619	-0.344086	-0.318509	-0.312909	-0.354954	1.041929	-0.358351	-0.281426	-0.289509	-0.321409	-0.277696	-0.271984	-0.306709	-0.283203	-0.297565	-0.304943	-0.296851	-0.309292	-0.290906	-0.286805	-0.295564	-0.280904	-0.302743
-0.305802	-0.310725	-0.312437	-0.310763	-0.297008	-0.331311	-0.319746	-0.330992	-0.325667	-0.323362	-0.309863	-0.344269	-0.328125	-0.328963	-0.314046	-0.305769	-0.320420	-0.308167	-0.309181	-0.284418	-0.294395	-0.281599	-0.297128	-0.302775	-0.307819	-0.355616	-0.280906	-0.327055	-0.318509	-0.351224	-0.284986	-0.298085
End
Data
-1179.000000	0.000000	0.000000	0.000000	0.000000	0.000000	0.000000	0.000000	0.000000	0.000000	0.000000	0.000000	0.000000	0.000000	0.000000	0.000000	0.000000	0.000000	0.000000	0.000000	0.000000	0.000000	0.000000	0.000000	0.000000	0.000000	0.000000	0.000000	0.000000	0.000000	0.000000	0.000000
-0.380627	-0.344018	-0.394193	-0.398106	-0.393081	-0.408897	-0.433286	-0.421132	-0.363212	-0.364683	-0.398544	-0.396378	-0.388149	-0.385377	-0.392892	-0.383130	-0.383019	-0.368802	-0.435879	-0.399051	-0.315958	-0.389993	-0.390975	-0.381007	-0.413282	-0.383708	-0.393454	-0.391090	-0.393424	-0.385399	-0.392748	-0.384655
-0.407173	-0.429628	-0.435191	-0.426973	-0.404230	-0.400620	-0.438932	-0.420877	-0.430809	-0.392325	-0.442619	-0.414001	-0.409351	-0.452663	1.041912	-0.454052	-0.375578	-0.383353	-0.418436	-0.370481	-0.364547	-0.403507	-0.378322	-0.389721	-0.400339	-0.392630	-0.405178	-0.385664	-0.381996	-0.389942	-0.375876	-0.400072
-0.405002	-0.408668	-0.409032	-0.409544	-0.394705	-0.429638	-0.419766	-0.430451	-0.423472	-0.419123	-0.407876	-0.443438	-0.426825	-0.428363	-0.412148	-0.403250	-0.419518	-0.405550	-0.407689	-0.379486	-0.391990	-0.375976	-0.395019	-0.398819	-0.404920	-0.454846	-0.376419	-0.423840	-0.415984	-0.450537	-0.380568	-0.397148
End
Data
-1491.000000	0.000000	0.000000	0.000000	0.000000	0.000000	0.000000	0.000000	0.000000	0.000000	0.000000	0.000000	0.000000	0.000000	0.000000	0.000000	0.000000	0.000000	0.000000	0.000000	0.000000	0.000000	0.000000	0.000000	0.000000	0.000000	0.000000	0.000000	0.000000	0.000000	0.000000	0.000000
-0.486222	-0.439358	-0.503959	-0.505233	-0.500847	-0.515683	-0.540536	-0.527198	-0.463287	-0.466109	-0.497219	-0.503130	-0.494869	-0.490744	-0.499615	-0.486614	-0.488951	-0.473056	-0.542576	-0.504427	-0.403449	-0.496394	-0.498620	-0.488180	-0.515893	-0.488923	-0.500412	-0.495797	-0.501890	-0.489886	-0.498590	-0.488406
-0.513398	-0.536064	-0.543248	-0.531475	-0.511441	-0.506829	-0.547613	-0.527362	-0.539041	-0.498085	-0.552542	-0.520567	-0.517021	-0.561695	1.041908	-0.560814	-0.480757	-0.488122	-0.526635	-0.474046	-0.467931	-0.511528	-0.484573	-0.492651	-0.506775	-0.499540	-0.512133	-0.491511	-0.488307	-0.495343	-0.481892	-0.508626
-0.515697	-0.518037	-0.516871	-0.519721	-0.503791	-0.539343	-0.531489	-0.541514	-0.532686	-0.526037	-0.517225	-0.554102	-0.537150	-0.539312	-0.521692	-0.511980	-0.530091	-0.514212	-0.517597	-0.485548	-0.500955	-0.481356	-0.504296	-0.505928	-0.513279	-0.565534	-0.482992	-0.531900	-0.524795	-0.561368	-0.487270	-0.507693
End
Data
-1794.000000	0.000000	0.000000	0.000000	0.000000	0.000000	0.000000	0.000000	0.000000	0.000000	0.000000	0.000000	0.000000	0.000000	0.000000	0.000000	0.000000	0.000000	0.000000	0.000000	0.000000	0.000000	0.000000	0.000000	0.000000	0.000000	0.000000	0.000000	0.000000	0.000000	0.000000	0.000000
-0.589015	-0.532217	-0.610858	-0.609553	-0.605695	-0.619658	-0.644942	-0.630468	-0.560727	-0.564750	-0.593330	-0.607043	-0.598806	-0.593351	-0.603539	-0.587380	-0.592016	-0.574573	-0.646452	-0.607035	-0.488581	-0.600029	-0.603415	-0.592562	-0.615846	-0.591320	-0.604499	-0.597816	-0.607476	-0.591566	-0.601610	-0.589426
-0.616777	-0.639667	-0.648379	-0.633085	-0.615797	-0.610093	-0.653304	-0.630975	-0.644280	-0.600906	-0.659453	-0.624269	-0.621733	-0.667693	1.041911	-0.664695	-0.582994	-0.590048	-0.631888	-0.574782	-0.568485	-0.616631	-0.587903	-0.592809	-0.610249	-0.603511	-0.616213	-0.594448	-0.591664	-0.597864	-0.584985	-0.614278
-0.623410	-0.624447	-0.621713	-0.626922	-0.609859	-0.646012	-0.640075	-0.649464	-0.638879	-0.630036	-0.623626	-0.661629	-0.644371	-0.647167	-0.628166	-0.617803	-0.637605	-0.619966	-0.624579	-0.588739	-0.606934	-0.583880	-0.610627	-0.610210	-0.618701	-0.673125	-0.586653	-0.636889	-0.630639	-0.669089	-0.591059	-0.615255
End
Data
-2092.000000	0.000000	0.000000	0.000000	0.000000	0.000000	0.000000	0.000000	0.000000	0.000000	0.000000	0.000000	0.000000	0.000000	0.000000	0.000000	0.000000	0.000000	0.000000	0.000000	0.000000	0.000000	0.000000	0.000000	0.000000	0.000000	0.000000	0.000000	0.000000	0.000000	0.000000	0.000000
-0.690018	-0.623490	-0.715849	-0.712079	-0.708751	-0.721853	-0.747494	-0.731934	-0.656451	-0.661764	-0.687769	-0.709149	-0.700835	-0.694164	-0.705594	-0.686397	-0.693263	-0.674353	-0.748531	-0.707918	-0.572290	-0.701779	-0.706322	-0.695081	-0.714071	-0.691981	-0.706774	-0.698038	-0.711170	-0.691522	-0.702806	-0.688744
-0.718228	-0.741372	-0.751523	-0.732863	-0.718247	-0.711505	-0.756938	-0.732761	-0.747522	-0.701844	-0.764289	-0.726114	-0.724592	-0.771631	1.041899	-0.766632	-0.683399	-0.690164	-0.735125	-0.673732	-0.667325	-0.719752	-0.689367	-0.691145	-0.711857	-0.705607	-0.718389	-0.695560	-0.693191	-0.698536	-0.686187	-0.717939
-0.729116	-0.728928	-0.724652	-0.732145	-0.714080	-0.750704	-0.746754	-0.755483	-0.743149	-0.732131	-0.728040	-0.767142	-0.749674	-0.753119	-0.732760	-0.721684	-0.743159	-0.723731	-0.729616	-0.690065	-0.710973	-0.684551	-0.715023	-0.712554	-0.722222	-0.778736	-0.688424	-0.739999	-0.734528	-0.774824	-0.692994	-0.720835
End
Data
-2301.000000	0.000000	0.000000	0.000000	0.000000	0.000000	0.000000	0.000000	0.000000	0.000000	0.000000	0.000000	0.000000	0.000000	0.000000	0.000000	0.000000	0.000000	0.000000	0.000000	0.000000	0.000000	0.000000	0.000000	0.000000	0.000000	0.000000	0.000000	0.000000	0.000000	0.000000	0.000000
-0.760969	-0.687596	-0.789598	-0.784059	-0.781123	-0.793636	-0.819542	-0.803137	-0.723763	-0.729817	-0.754136	-0.780811	-0.772541	-0.764914	-0.777337	-0.755909	-0.764408	-0.744438	-0.820215	-0.778766	-0.631164	-0.773260	-0.778659	-0.767089	-0.783086	-0.762664	-0.778659	-0.768394	-0.784099	-0.761669	-0.773932	-0.758490
-0.789464	-0.812799	-0.824003	-0.802846	-0.790173	-0.782675	-0.829621	-0.804211	-0.819979	-0.772689	-0.837785	-0.797539	-0.796798	-0.844540	1.041893	-0.838143	-0.753908	-0.760414	-0.807596	-0.743211	-0.736684	-0.792190	-0.760614	-0.760201	-0.783122	-0.777297	-0.790121	-0.766509	-0.764474	-0.769199	-0.757227	-0.790746
-0.803330	-0.802270	-0.796962	-0.806011	-0.787212	-0.824204	-0.821656	-0.829943	-0.816362	-0.803816	-0.801351	-0.841157	-0.823637	-0.827451	-0.806161	-0.794642	-0.817256	-0.796628	-0.803324	-0.761210	-0.784033	-0.755218	-0.788382	-0.784385	-0.794932	-0.852862	-0.759921	-0.812436	-0.807562	-0.849020	-0.764582	-0.794925
End
